Upper domain:
[(0, 0), (25, 0), (25, 24), (40, 24), [(0, 64)]]
Lower domain:
[(0, 21), (28, 21), (28, 36), [(64, 0), (0, 0)]]
Upper domain:
[(0, 0), (20, 0), (20, 17), (28, 17), (28, 21), (43, 21), [(0, 64)]]
Lower domain:
[(0, 17), (20, 17), (20, 24), (25, 24), (25, 27), (31, 27), (31, 33), [(64, 0), (0, 0)]]
Upper domain:
[(0, 0), (28, 0), (28, 30), (34, 30), [(0, 64)]]
Lower domain:
[(0, 14), (24, 14), (24, 24), (25, 24), (25, 30), (28, 30), (28, 36), [(64, 0), (0, 0)]]
Upper domain:
[(0, 0), (18, 0), (18, 13), (24, 13), (24, 14), (28, 14), (28, 21), (31, 21), (31, 27), (37, 27), [(0, 64)]]
Lower domain:
[(0, 13), (18, 13), (18, 17), (20, 17), (20, 23), (28, 23), (28, 36), [(64, 0), (0, 0)]]
Upper domain:
[(0, 0), (22, 0), (22, 18), (28, 18), (28, 23), (31, 23), (31, 27), (37, 27), [(0, 64)]]
Lower domain:
[(0, 13), (18, 13), (18, 17), (20, 17), (20, 18), (22, 18), (22, 19), (26, 19), (26, 30), (28, 30), (28, 36), [(64, 0), (0, 0)]]
Upper domain:
[(0, 0), (24, 0), (24, 14), (26, 14), (26, 19), (28, 19), (28, 28), (36, 28), [(0, 64)]]
Lower domain:
[(0, 9), (21, 9), (21, 18), (22, 18), (22, 24), (25, 24), (25, 28), (28, 28), (28, 36), [(64, 0), (0, 0)]]
Upper domain:
[(0, 0), (21, 0), (21, 9), (24, 9), (24, 14), (26, 14), (26, 19), (28, 19), (28, 23), (29, 23), (29, 29), (35, 29), [(0, 64)]]
Lower domain:
[(0, 13), (18, 13), (18, 17), (20, 17), (20, 18), (22, 18), (22, 24), (25, 24), (25, 27), (30, 27), (30, 34), [(64, 0), (0, 0)]]
Upper domain:
[(0, 0), (19, 0), (19, 12), (24, 12), (24, 14), (26, 14), (26, 19), (28, 19), (28, 23), (30, 23), (30, 27), (37, 27), [(0, 64)]]
Lower domain:
[(0, 12), (19, 12), (19, 15), (23, 15), (23, 24), (25, 24), (25, 28), (28, 28), (28, 29), (29, 29), (29, 35), [(64, 0), (0, 0)]]
Upper domain:
[(0, 0), (21, 0), (21, 9), (23, 9), (23, 15), (26, 15), (26, 19), (27, 19), (27, 25), (30, 25), (30, 27), (37, 27), [(0, 64)]]
Lower domain:
[(0, 12), (19, 12), (19, 17), (20, 17), (20, 18), (22, 18), (22, 24), (25, 24), (25, 25), (27, 25), (27, 28), (28, 28), (28, 29), (29, 29), (29, 30), (31, 30), (31, 33), [(64, 0), (0, 0)]]
Upper domain:
[(0, 0), (21, 0), (21, 9), (23, 9), (23, 15), (25, 15), (25, 20), (28, 20), (28, 23), (30, 23), (30, 27), (31, 27), (31, 30), (34, 30), [(0, 64)]]
Lower domain:
[(0, 12), (19, 12), (19, 17), (20, 17), (20, 18), (22, 18), (22, 20), (25, 20), (25, 25), (27, 25), (27, 28), (28, 28), (28, 29), (29, 29), (29, 35), [(64, 0), (0, 0)]]
